pi@raspberrypi:~ $ sudo cyclictest -p 90 -n –m -h 500 -t4 -l 300000
WARN: stat /dev/cpu_dma_latency failed: No such file or directory
policy: fifo: loadavg: 0.14 0.17 0.12 1/183 2076          

T: 0 ( 1746) P:90 I:1000 C: 300000 Min:      6 Act:   21 Avg:   21 Max:     508
T: 1 ( 1747) P:90 I:1000 C: 300000 Min:      6 Act:   28 Avg:   21 Max:     671
T: 2 ( 1748) P:90 I:1000 C: 300000 Min:      6 Act:   27 Avg:   21 Max:     480
T: 3 ( 1749) P:90 I:1000 C: 300000 Min:      6 Act:   24 Avg:   21 Max:     437
# Histogram
000000 000000	000000	000000	000000
000001 000000	000000	000000	000000
000002 000000	000000	000000	000000
000003 000000	000000	000000	000000
000004 000000	000000	000000	000000
000005 000000	000000	000000	000000
000006 000002	000005	000008	000017
000007 000019	000040	000035	000046
000008 000049	000053	000051	000038
000009 006861	004337	006180	005517
000010 002671	007332	005165	008437
000011 003830	002197	002491	000783
000012 000828	000514	000570	000186
000013 000424	000287	000306	000330
000014 001110	000655	000778	000654
000015 001236	001505	001137	001765
000016 001196	001078	001393	000949
000017 005640	004401	003959	004702
000018 002523	001750	003656	001294
000019 007516	014315	006907	023703
000020 105652	044043	088841	042957
000021 017202	029592	025417	034561
000022 040660	131625	055730	139107
000023 058545	025224	034847	015340
000024 019829	009376	041816	003615
000025 008981	002954	005622	001705
000026 004936	002004	005508	001235
000027 003466	001097	003748	000894
000028 001163	000752	000986	000670
000029 000968	000770	000694	000673
000030 000851	000678	000600	000751
000031 000687	000801	000583	000672
000032 000544	000631	000411	000548
000033 000413	000528	000339	000441
000034 000306	000474	000267	000428
000035 000210	000587	000211	000451
000036 000184	000537	000150	000390
000037 000132	000508	000132	000409
000038 000109	000457	000084	000321
000039 000092	000406	000050	000322
000040 000066	000465	000076	000354
000041 000067	000512	000067	000402
000042 000051	000472	000062	000448
000043 000058	000521	000066	000422
000044 000049	000501	000070	000353
000045 000054	000625	000059	000443
000046 000048	000607	000065	000411
000047 000041	000683	000070	000572
000048 000048	000905	000061	000592
000049 000044	000545	000070	000375
000050 000048	000557	000080	000419
000051 000032	000371	000040	000205
000052 000041	000198	000040	000138
000053 000039	000186	000035	000108
000054 000039	000194	000034	000113
000055 000028	000127	000034	000108
000056 000025	000105	000027	000056
000057 000021	000092	000028	000038
000058 000025	000094	000027	000059
000059 000015	000085	000018	000049
000060 000024	000090	000023	000056
000061 000012	000077	000027	000064
000062 000019	000073	000026	000050
000063 000016	000047	000012	000045
000064 000014	000049	000016	000026
000065 000011	000029	000017	000013
000066 000008	000009	000009	000011
000067 000014	000018	000017	000008
000068 000009	000019	000007	000008
000069 000009	000020	000012	000007
000070 000006	000027	000003	000013
000071 000005	000014	000003	000011
000072 000008	000007	000006	000005
000073 000012	000014	000006	000008
000074 000010	000012	000004	000006
000075 000008	000009	000009	000009
000076 000008	000015	000004	000010
000077 000004	000019	000008	000011
000078 000004	000013	000008	000011
000079 000003	000012	000006	000005
000080 000008	000003	000006	000007
000081 000007	000003	000005	000003
000082 000001	000004	000001	000002
000083 000002	000003	000000	000002
000084 000005	000002	000004	000002
000085 000005	000002	000001	000000
000086 000006	000002	000003	000000
000087 000002	000002	000002	000003
000088 000003	000001	000004	000001
000089 000000	000000	000001	000002
000090 000001	000001	000001	000000
000091 000003	000002	000000	000001
000092 000000	000002	000000	000001
000093 000002	000004	000000	000001
000094 000002	000002	000003	000000
000095 000003	000002	000002	000001
000096 000003	000001	000002	000000
000097 000003	000004	000000	000001
000098 000000	000001	000000	000001
000099 000000	000002	000000	000000
000100 000001	000001	000000	000000
000101 000002	000001	000003	000001
000102 000002	000003	000003	000001
000103 000001	000001	000000	000000
000104 000002	000000	000002	000001
000105 000002	000000	000000	000000
000106 000001	000000	000001	000000
000107 000000	000000	000000	000001
000108 000000	000000	000002	000000
000109 000001	000000	000000	000000
000110 000000	000000	000000	000000
000111 000000	000000	000002	000000
000112 000001	000001	000001	000000
000113 000000	000000	000000	000000
000114 000000	000000	000000	000000
000115 000000	000000	000001	000002
000116 000001	000000	000000	000000
000117 000003	000001	000001	000000
000118 000000	000000	000000	000001
000119 000000	000000	000000	000000
000120 000002	000000	000001	000001
000121 000000	000000	000000	000000
000122 000000	000000	000000	000000
000123 000002	000000	000000	000001
000124 000000	000001	000000	000000
000125 000001	000000	000000	000000
000126 000000	000000	000001	000000
000127 000000	000000	000000	000000
000128 000001	000000	000000	000000
000129 000000	000000	000000	000000
000130 000001	000000	000000	000000
000131 000001	000000	000000	000000
000132 000000	000000	000000	000000
000133 000000	000001	000000	000000
000134 000003	000000	000000	000001
000135 000000	000000	000000	000000
000136 000000	000000	000000	000000
000137 000000	000000	000000	000000
000138 000000	000000	000000	000000
000139 000000	000000	000000	000000
000140 000001	000001	000000	000002
000141 000000	000000	000001	000000
000142 000000	000000	000000	000000
000143 000001	000000	000000	000000
000144 000000	000000	000000	000000
000145 000002	000000	000001	000000
000146 000000	000000	000000	000001
000147 000000	000000	000000	000000
000148 000000	000000	000000	000000
000149 000000	000000	000000	000000
000150 000000	000000	000000	000000
000151 000000	000000	000000	000000
000152 000000	000000	000000	000000
000153 000000	000000	000000	000001
000154 000000	000000	000001	000000
000155 000000	000001	000001	000001
000156 000002	000000	000000	000000
000157 000000	000000	000001	000000
000158 000000	000000	000000	000000
000159 000001	000000	000000	000000
000160 000000	000001	000000	000000
000161 000001	000000	000000	000000
000162 000000	000000	000000	000000
000163 000001	000001	000000	000000
000164 000001	000001	000000	000000
000165 000000	000000	000000	000000
000166 000001	000000	000000	000000
000167 000001	000000	000000	000000
000168 000000	000000	000000	000000
000169 000000	000000	000000	000000
000170 000000	000000	000000	000000
000171 000001	000000	000000	000000
000172 000001	000001	000001	000000
000173 000000	000000	000000	000000
000174 000001	000000	000000	000000
000175 000000	000000	000001	000001
000176 000000	000000	000000	000000
000177 000000	000000	000000	000000
000178 000000	000000	000000	000000
000179 000000	000000	000000	000000
000180 000000	000000	000000	000000
000181 000000	000000	000000	000000
000182 000000	000000	000000	000000
000183 000000	000000	000000	000000
000184 000001	000000	000000	000000
000185 000000	000000	000000	000000
000186 000001	000000	000000	000000
000187 000000	000000	000000	000000
000188 000000	000000	000000	000000
000189 000000	000000	000000	000000
000190 000000	000000	000000	000000
000191 000000	000000	000000	000000
000192 000000	000000	000000	000000
000193 000000	000000	000000	000000
000194 000000	000000	000000	000000
000195 000000	000000	000000	000000
000196 000000	000000	000000	000000
000197 000000	000000	000000	000000
000198 000001	000000	000000	000000
000199 000000	000000	000000	000000
000200 000000	000000	000000	000000
000201 000000	000000	000000	000000
000202 000000	000000	000000	000000
000203 000000	000000	000000	000000
000204 000000	000000	000000	000000
000205 000000	000000	000000	000000
000206 000000	000000	000001	000000
000207 000000	000000	000000	000000
000208 000000	000000	000000	000000
000209 000000	000000	000000	000000
000210 000000	000000	000000	000000
000211 000000	000000	000000	000000
000212 000000	000000	000000	000000
000213 000000	000001	000001	000000
000214 000001	000000	000000	000000
000215 000000	000000	000000	000000
000216 000001	000000	000000	000000
000217 000000	000000	000000	000000
000218 000000	000000	000001	000000
000219 000000	000000	000000	000000
000220 000000	000000	000000	000000
000221 000000	000000	000000	000000
000222 000000	000000	000000	000000
000223 000000	000000	000000	000000
000224 000000	000000	000000	000000
000225 000000	000000	000000	000000
000226 000001	000000	000000	000000
000227 000000	000000	000000	000000
000228 000000	000000	000000	000000
000229 000000	000000	000000	000000
000230 000000	000000	000000	000000
000231 000000	000000	000000	000000
000232 000001	000000	000000	000000
000233 000001	000000	000000	000000
000234 000000	000000	000000	000000
000235 000000	000000	000000	000000
000236 000000	000000	000000	000001
000237 000000	000000	000000	000000
000238 000000	000000	000001	000000
000239 000000	000000	000000	000000
000240 000001	000000	000000	000000
000241 000000	000000	000000	000000
000242 000000	000000	000000	000000
000243 000000	000000	000000	000000
000244 000000	000000	000000	000000
000245 000000	000000	000000	000000
000246 000000	000000	000000	000000
000247 000000	000000	000000	000000
000248 000000	000000	000000	000000
000249 000000	000001	000000	000000
000250 000000	000000	000000	000000
000251 000000	000000	000000	000000
000252 000000	000000	000000	000000
000253 000000	000000	000000	000000
000254 000000	000000	000000	000000
000255 000000	000000	000000	000000
000256 000000	000000	000000	000000
000257 000000	000000	000000	000000
000258 000000	000000	000001	000000
000259 000000	000000	000001	000000
000260 000000	000000	000000	000000
000261 000000	000000	000000	000000
000262 000001	000000	000000	000000
000263 000000	000000	000000	000000
000264 000000	000000	000000	000000
000265 000000	000000	000000	000000
000266 000000	000001	000000	000000
000267 000000	000000	000000	000000
000268 000000	000000	000000	000000
000269 000000	000000	000000	000000
000270 000000	000000	000000	000000
000271 000000	000000	000000	000000
000272 000000	000000	000000	000000
000273 000000	000000	000000	000000
000274 000000	000000	000000	000000
000275 000000	000000	000000	000000
000276 000000	000000	000000	000000
000277 000000	000000	000000	000000
000278 000001	000000	000000	000000
000279 000000	000000	000000	000000
000280 000000	000000	000000	000000
000281 000000	000000	000000	000000
000282 000000	000000	000000	000000
000283 000000	000000	000000	000000
000284 000001	000000	000000	000000
000285 000000	000000	000000	000000
000286 000000	000000	000001	000000
000287 000000	000000	000000	000000
000288 000000	000000	000000	000000
000289 000000	000000	000000	000000
000290 000000	000000	000000	000000
000291 000000	000000	000000	000000
000292 000000	000000	000000	000000
000293 000000	000000	000000	000000
000294 000000	000000	000000	000000
000295 000000	000000	000000	000000
000296 000001	000000	000000	000000
000297 000000	000000	000000	000000
000298 000000	000000	000000	000000
000299 000000	000000	000000	000000
000300 000001	000000	000000	000000
000301 000000	000000	000000	000000
000302 000000	000000	000001	000000
000303 000000	000000	000000	000000
000304 000000	000000	000000	000000
000305 000000	000000	000000	000000
000306 000000	000000	000000	000000
000307 000000	000000	000000	000000
000308 000000	000000	000000	000000
000309 000001	000000	000000	000000
000310 000000	000000	000000	000000
000311 000000	000000	000000	000000
000312 000001	000001	000000	000000
000313 000000	000000	000000	000000
000314 000000	000000	000000	000000
000315 000000	000000	000000	000000
000316 000000	000000	000000	000000
000317 000000	000000	000000	000000
000318 000000	000000	000001	000000
000319 000000	000000	000000	000000
000320 000000	000000	000000	000000
000321 000000	000000	000000	000000
000322 000000	000000	000000	000000
000323 000000	000000	000000	000000
000324 000000	000000	000000	000000
000325 000000	000000	000001	000000
000326 000001	000000	000000	000000
000327 000000	000000	000000	000000
000328 000000	000000	000000	000000
000329 000000	000000	000000	000000
000330 000000	000000	000000	000000
000331 000000	000000	000000	000000
000332 000000	000000	000001	000000
000333 000000	000000	000000	000001
000334 000000	000000	000000	000000
000335 000000	000000	000000	000000
000336 000000	000000	000000	000000
000337 000000	000000	000000	000000
000338 000000	000000	000000	000000
000339 000000	000000	000000	000000
000340 000000	000000	000000	000000
000341 000000	000000	000000	000000
000342 000000	000000	000000	000000
000343 000000	000000	000000	000000
000344 000000	000000	000000	000000
000345 000000	000001	000001	000000
000346 000000	000000	000000	000000
000347 000000	000000	000000	000000
000348 000000	000000	000000	000000
000349 000000	000000	000000	000000
000350 000000	000000	000000	000000
000351 000001	000000	000000	000000
000352 000000	000000	000000	000000
000353 000001	000000	000000	000000
000354 000000	000000	000000	000000
000355 000000	000000	000000	000000
000356 000000	000000	000000	000000
000357 000000	000000	000000	000000
000358 000000	000000	000000	000000
000359 000000	000000	000000	000000
000360 000000	000000	000000	000000
000361 000000	000000	000000	000000
000362 000000	000000	000000	000000
000363 000000	000000	000000	000000
000364 000000	000000	000000	000000
000365 000000	000000	000000	000000
000366 000000	000000	000000	000000
000367 000000	000000	000000	000000
000368 000000	000000	000000	000000
000369 000000	000000	000000	000000
000370 000000	000000	000000	000000
000371 000000	000000	000000	000000
000372 000000	000000	000000	000000
000373 000000	000000	000000	000000
000374 000000	000000	000000	000000
000375 000000	000000	000000	000000
000376 000000	000000	000000	000000
000377 000000	000000	000000	000000
000378 000000	000000	000000	000000
000379 000000	000000	000000	000000
000380 000000	000000	000000	000000
000381 000000	000000	000000	000000
000382 000000	000000	000000	000000
000383 000000	000000	000000	000000
000384 000000	000000	000000	000000
000385 000000	000000	000000	000000
000386 000000	000000	000000	000000
000387 000000	000000	000000	000000
000388 000000	000000	000000	000000
000389 000000	000000	000000	000000
000390 000000	000000	000000	000000
000391 000000	000000	000000	000000
000392 000001	000000	000000	000000
000393 000000	000000	000000	000000
000394 000000	000000	000000	000000
000395 000000	000000	000000	000000
000396 000000	000000	000000	000000
000397 000000	000000	000000	000000
000398 000000	000000	000000	000000
000399 000000	000000	000000	000000
000400 000000	000000	000000	000000
000401 000000	000000	000000	000000
000402 000001	000000	000000	000000
000403 000000	000000	000000	000000
000404 000000	000000	000000	000000
000405 000000	000000	000000	000000
000406 000000	000000	000000	000000
000407 000000	000000	000000	000000
000408 000000	000000	000000	000000
000409 000000	000001	000000	000000
000410 000000	000000	000000	000000
000411 000000	000000	000000	000000
000412 000000	000000	000000	000000
000413 000000	000000	000000	000000
000414 000000	000000	000000	000000
000415 000000	000000	000000	000000
000416 000000	000000	000000	000000
000417 000000	000000	000000	000000
000418 000000	000000	000000	000000
000419 000000	000000	000000	000000
000420 000000	000000	000000	000000
000421 000000	000000	000000	000000
000422 000000	000000	000000	000000
000423 000000	000000	000000	000000
000424 000000	000000	000000	000000
000425 000000	000000	000000	000000
000426 000000	000000	000000	000000
000427 000000	000000	000000	000000
000428 000000	000000	000000	000000
000429 000000	000000	000000	000000
000430 000000	000000	000000	000000
000431 000000	000000	000000	000000
000432 000000	000000	000000	000000
000433 000000	000001	000000	000000
000434 000001	000000	000000	000000
000435 000000	000000	000000	000000
000436 000000	000000	000000	000000
000437 000000	000000	000000	000001
000438 000000	000000	000000	000000
000439 000000	000000	000000	000000
000440 000000	000000	000001	000000
000441 000000	000000	000000	000000
000442 000000	000000	000000	000000
000443 000000	000000	000000	000000
000444 000000	000000	000001	000000
000445 000000	000000	000000	000000
000446 000000	000000	000000	000000
000447 000000	000000	000000	000000
000448 000000	000000	000000	000000
000449 000000	000000	000000	000000
000450 000000	000000	000000	000000
000451 000000	000000	000001	000000
000452 000000	000000	000000	000000
000453 000000	000001	000000	000000
000454 000000	000000	000000	000000
000455 000000	000000	000000	000000
000456 000000	000000	000000	000000
000457 000000	000000	000000	000000
000458 000000	000000	000000	000000
000459 000000	000000	000000	000000
000460 000000	000000	000000	000000
000461 000000	000000	000000	000000
000462 000000	000000	000000	000000
000463 000000	000000	000000	000000
000464 000000	000000	000000	000000
000465 000000	000000	000000	000000
000466 000000	000000	000000	000000
000467 000000	000000	000000	000000
000468 000000	000000	000000	000000
000469 000000	000000	000000	000000
000470 000000	000000	000000	000000
000471 000000	000000	000000	000000
000472 000000	000000	000000	000000
000473 000000	000000	000000	000000
000474 000000	000000	000000	000000
000475 000000	000000	000000	000000
000476 000000	000000	000000	000000
000477 000000	000000	000000	000000
000478 000000	000000	000000	000000
000479 000000	000000	000000	000000
000480 000000	000000	000001	000000
000481 000000	000000	000000	000000
000482 000000	000000	000000	000000
000483 000000	000000	000000	000000
000484 000000	000000	000000	000000
000485 000000	000000	000000	000000
000486 000000	000000	000000	000000
000487 000000	000000	000000	000000
000488 000000	000000	000000	000000
000489 000000	000000	000000	000000
000490 000000	000000	000000	000000
000491 000000	000000	000000	000000
000492 000000	000000	000000	000000
000493 000000	000000	000000	000000
000494 000000	000000	000000	000000
000495 000000	000000	000000	000000
000496 000000	000000	000000	000000
000497 000000	000000	000000	000000
000498 000000	000000	000000	000000
000499 000000	000000	000000	000000
# Total: 000299999 000299998 000300000 000300000
# Min Latencies: 00006 00006 00006 00006
# Avg Latencies: 00021 00021 00021 00021
# Max Latencies: 00508 00671 00480 00437
# Histogram Overflows: 00001 00002 00000 00000
# Histogram Overflow at cycle number:
# Thread 0: 38361
# Thread 1: 62553 137392
# Thread 2:
# Thread 3:

pi@raspberrypi:~ $ 
